0.000000	0.000000	0.000000	
1.000000	0.000000	0.000000	
2.000000	0.000000	1.000000	
3.000000	0.000000	2.000000	
4.000000	0.000000	3.000000	
5.000000	0.000000	5.000000	
6.000000	0.000000	8.000000	
7.000000	-0.000000	11.250000	
8.000000	0.000000	14.750000	
9.000000	0.000000	19.125000	
10.000000	0.000000	24.375000	
11.000000	-0.000000	29.953125	
12.000000	0.000000	35.859375	
13.000000	-0.000000	42.585938	
14.000000	0.000000	50.132813	
15.000000	0.000000	58.048828	
16.000000	-0.000000	66.333984	
17.000000	-0.000000	75.407227	
18.000000	0.000000	85.268555	
19.000000	0.000000	95.525208	
20.000000	-0.000000	106.177185	
21.000000	0.000000	117.595428	
22.000000	-0.000000	129.779938	
23.000000	0.000000	142.378319	
24.000000	-0.000000	155.390572	
25.000000	-0.000000	169.153072	
26.000000	-0.000000	183.665821	
27.000000	-0.000000	198.606457	
28.000000	-0.000000	213.974981	
29.000000	-0.000000	230.081354	
30.000000	-0.000000	246.925576	
31.000000	0.000000	264.208757	
32.000000	-0.000000	281.930894	
33.000000	-0.000000	300.380918	
34.000000	0.000000	319.558828	
35.000000	0.000000	339.184725	
36.000000	0.000000	359.258609	
37.000000	0.000000	380.052146	
38.000000	-0.000000	401.565338	
39.000000	-0.000000	423.534062	
40.000000	-0.000000	445.958320	
41.000000	-0.000000	469.095281	
42.000000	0.000000	492.944945	
43.000000	0.000000	517.256571	
44.000000	-0.000000	542.030160	
45.000000	0.000000	567.510482	
46.000000	0.000000	593.697537	
47.000000	-0.000000	620.352118	
48.000000	0.000000	647.474224	
49.000000	0.000000	675.297863	
50.000000	-0.000000	703.823035	
51.000000	0.000000	732.820608	
52.000000	-0.000000	762.290580	
53.000000	0.000000	792.457504	
54.000000	0.000000	823.321378	
55.000000	-0.000000	854.661971	
56.000000	0.000000	886.479282	
57.000000	0.000000	918.989465	
58.000000	0.000000	952.192521	
59.000000	0.000000	985.876155	
60.000000	-0.000000	1020.040368	
61.000000	0.000000	1054.893793	
62.000000	0.000000	1090.436429	
63.000000	0.000000	1126.463122	
64.000000	0.000000	1162.973870	
65.000000	0.000000	1200.170521	
66.000000	-0.000000	1238.053075	
67.000000	0.000000	1276.422838	
68.000000	-0.000000	1315.279812	
69.000000	0.000000	1354.819677	
70.000000	-0.000000	1395.042436	
71.000000	-0.000000	1435.755281	
72.000000	-0.000000	1476.958214	
73.000000	-0.000000	1518.841285	
74.000000	0.000000	1561.404494	
75.000000	-0.000000	1604.460430	
76.000000	0.000000	1648.009092	
77.000000	-0.000000	1692.235361	
78.000000	0.000000	1737.139234	
79.000000	0.000000	1782.538268	
80.000000	-0.000000	1828.432461	
81.000000	-0.000000	1875.001920	
82.000000	-0.000000	1922.246646	
83.000000	0.000000	1969.988782	
84.000000	0.000000	2018.228330	
85.000000	0.000000	2067.140975	
86.000000	-0.000000	2116.726717	
87.000000	-0.000000	2166.811962	
88.000000	-0.000000	2217.396709	
89.000000	0.000000	2268.652535	
90.000000	-0.000000	2320.579440	
91.000000	-0.000000	2373.007797	
92.000000	-0.000000	2425.937606	
93.000000	-0.000000	2479.536610	
94.000000	-0.000000	2533.804808	
95.000000	-0.000000	2588.576281	
96.000000	-0.000000	2643.851029	
97.000000	-0.000000	2699.793206	
98.000000	-0.000000	2756.402813	
99.000000	-0.000000	2813.517405	
100.000000	-0.000000	2871.136982	
101.000000	-0.000000	2929.422331	
102.000000	0.000000	2988.373451	
103.000000	-0.000000	3047.831165	
104.000000	-0.000000	3107.795471	
105.000000	0.000000	3168.423989	
106.000000	0.000000	3229.716717	
107.000000	0.000000	3291.517554	
108.000000	-0.000000	3353.826500	
109.000000	-0.000000	3416.798184	
110.000000	-0.000000	3480.432607	
111.000000	-0.000000	3544.576570	
112.000000	-0.000000	3609.230073	
113.000000	-0.000000	3674.544922	
114.000000	-0.000000	3740.521117	
115.000000	-0.000000	3807.008208	
116.000000	0.000000	3874.006194	
117.000000	0.000000	3941.664206	
118.000000	-0.000000	4009.982244	
119.000000	-0.000000	4078.812464	
120.000000	0.000000	4148.154865	
121.000000	-0.000000	4218.156039	
122.000000	0.000000	4288.815986	
123.000000	-0.000000	4359.989336	
124.000000	-0.000000	4431.676089	
125.000000	0.000000	4504.020423	
126.000000	-0.000000	4577.022339	
127.000000	-0.000000	4650.538821	
128.000000	0.000000	4724.569868	
129.000000	0.000000	4799.257362	
130.000000	-0.000000	4874.601302	
131.000000	-0.000000	4950.460916	
132.000000	-0.000000	5026.836205	
133.000000	0.000000	5103.866857	
134.000000	0.000000	5181.552872	
135.000000	0.000000	5259.755620	
136.000000	-0.000000	5338.475101	
137.000000	0.000000	5417.848910	
138.000000	-0.000000	5497.877049	
139.000000	-0.000000	5578.422931	
140.000000	-0.000000	5659.486558	
141.000000	0.000000	5741.203524	
142.000000	-0.000000	5823.573829	
143.000000	-0.000000	5906.462847	
144.000000	-0.000000	5989.870578	
145.000000	-0.000000	6073.930699	
146.000000	-0.000000	6158.643212	
147.000000	-0.000000	6243.875366	
148.000000	-0.000000	6329.627161	
149.000000	-0.000000	6416.030438	
150.000000	-0.000000	6503.085197	
151.000000	-0.000000	6590.660488	
152.000000	-0.000000	6678.756310	
153.000000	-0.000000	6767.502741	
154.000000	-0.000000	6856.899782	
155.000000	0.000000	6946.818210	
156.000000	-0.000000	7037.258025	
157.000000	-0.000000	7128.347611	
158.000000	-0.000000	7220.086966	
159.000000	-0.000000	7312.348531	
160.000000	-0.000000	7405.132308	
161.000000	-0.000000	7498.565047	
162.000000	-0.000000	7592.646748	
163.000000	-0.000000	7687.251452	
164.000000	-0.000000	7782.379159	
165.000000	-0.000000	7878.155050	
166.000000	-0.000000	7974.579127	
167.000000	-0.000000	8071.526970	
168.000000	-0.000000	8168.998579	
169.000000	-0.000000	8267.117623	
170.000000	-0.000000	8365.884103	
171.000000	0.000000	8465.175085	
172.000000	0.000000	8564.990569	
173.000000	0.000000	8665.452765	
174.000000	-0.000000	8766.561674	
175.000000	-0.000000	8868.195795	
176.000000	-0.000000	8970.355130	
177.000000	-0.000000	9073.160478	
178.000000	-0.000000	9176.611840	
179.000000	-0.000000	9280.589102	
180.000000	-0.000000	9385.092262	
181.000000	-0.000000	9490.240762	
182.000000	-0.000000	9596.034601	
183.000000	-0.000000	9702.355002	
184.000000	-0.000000	9809.201966	
185.000000	0.000000	9916.693617	
186.000000	-0.000000	10024.829955	
187.000000	-0.000000	10133.493497	
188.000000	-0.000000	10242.684243	
189.000000	-0.000000	10352.519045	
190.000000	-0.000000	10462.997902	
191.000000	-0.000000	10574.004585	
192.000000	-0.000000	10685.539094	
193.000000	-0.000000	10797.717046	
194.000000	-0.000000	10910.538441	
195.000000	0.000000	11023.888265	
196.000000	-0.000000	11137.766518	
197.000000	0.000000	11252.287620	
198.000000	-0.000000	11367.451573	
199.000000	0.000000	11483.144538	
200.000000	-0.000000	11599.366516	
201.000000	-0.000000	11716.230768	
202.000000	-0.000000	11833.737297	
203.000000	0.000000	11951.773403	
204.000000	-0.000000	12070.339088	
205.000000	-0.000000	12189.546491	
206.000000	-0.000000	12309.395611	
207.000000	-0.000000	12429.774860	
208.000000	0.000000	12550.684236	
209.000000	-0.000000	12672.234788	
210.000000	-0.000000	12794.426517	
211.000000	-0.000000	12917.148907	
212.000000	-0.000000	13040.401959	
213.000000	-0.000000	13164.295661	
214.000000	-0.000000	13288.830012	
215.000000	-0.000000	13413.895545	
216.000000	-0.000000	13539.492258	
217.000000	-0.000000	13665.729109	
218.000000	-0.000000	13792.606098	
219.000000	-0.000000	13920.014773	
220.000000	-0.000000	14047.955133	
221.000000	0.000000	14176.535133	
222.000000	-0.000000	14305.754774	
223.000000	-0.000000	14435.506591	
224.000000	-0.000000	14565.790584	
225.000000	-0.000000	14696.713733	
226.000000	-0.000000	14828.276039	
227.000000	-0.000000	14960.370999	
228.000000	-0.000000	15092.998612	
229.000000	-0.000000	15226.264910	
230.000000	-0.000000	15360.169894	
231.000000	-0.000000	15494.607996	
232.000000	-0.000000	15629.579217	
233.000000	-0.000000	15765.188664	
234.000000	-0.000000	15901.436337	
235.000000	-0.000000	16038.217582	
236.000000	-0.000000	16175.532399	
237.000000	-0.000000	16313.484994	
238.000000	-0.000000	16452.075369	
239.000000	-0.000000	16591.199757	
240.000000	-0.000000	16730.858158	
241.000000	-0.000000	16871.153902	
242.000000	-0.000000	17012.086990	
243.000000	-0.000000	17153.554520	
244.000000	-0.000000	17295.556495	
245.000000	-0.000000	17438.195388	
246.000000	0.000000	17581.471198	
247.000000	-0.000000	17725.281872	
248.000000	-0.000000	17869.627410	
249.000000	-0.000000	18014.609451	
